candidates,detail,iterations,phase,timestamp
0,Initializing edge candidate generation...,0,started,2026-05-07T17:40:59Z
0,"Generating edge candidates through MATLAB-style frontier workflow (iterations=1, candidates=0)",1,heartbeat,2026-05-07T17:41:02Z
21,"Generating edge candidates through MATLAB-style frontier workflow (iterations=512, candidates=21)",512,heartbeat,2026-05-07T17:41:02Z
46,"Generating edge candidates through MATLAB-style frontier workflow (iterations=1024, candidates=46)",1024,heartbeat,2026-05-07T17:41:03Z
82,"Generating edge candidates through MATLAB-style frontier workflow (iterations=1536, candidates=82)",1536,heartbeat,2026-05-07T17:41:03Z
140,"Generating edge candidates through MATLAB-style frontier workflow (iterations=2048, candidates=140)",2048,heartbeat,2026-05-07T17:41:03Z
200,"Generating edge candidates through MATLAB-style frontier workflow (iterations=2560, candidates=200)",2560,heartbeat,2026-05-07T17:41:04Z
257,"Generating edge candidates through MATLAB-style frontier workflow (iterations=3072, candidates=257)",3072,heartbeat,2026-05-07T17:41:04Z
316,"Generating edge candidates through MATLAB-style frontier workflow (iterations=3584, candidates=316)",3584,heartbeat,2026-05-07T17:41:04Z
374,"Generating edge candidates through MATLAB-style frontier workflow (iterations=4096, candidates=374)",4096,heartbeat,2026-05-07T17:41:04Z
435,"Generating edge candidates through MATLAB-style frontier workflow (iterations=4608, candidates=435)",4608,heartbeat,2026-05-07T17:41:04Z
495,"Generating edge candidates through MATLAB-style frontier workflow (iterations=5120, candidates=495)",5120,heartbeat,2026-05-07T17:41:05Z
550,"Generating edge candidates through MATLAB-style frontier workflow (iterations=5632, candidates=550)",5632,heartbeat,2026-05-07T17:41:05Z
599,"Generating edge candidates through MATLAB-style frontier workflow (iterations=6144, candidates=599)",6144,heartbeat,2026-05-07T17:41:05Z
653,"Generating edge candidates through MATLAB-style frontier workflow (iterations=6656, candidates=653)",6656,heartbeat,2026-05-07T17:41:05Z
702,"Generating edge candidates through MATLAB-style frontier workflow (iterations=7168, candidates=702)",7168,heartbeat,2026-05-07T17:41:05Z
744,"Generating edge candidates through MATLAB-style frontier workflow (iterations=7680, candidates=744)",7680,heartbeat,2026-05-07T17:41:06Z
793,"Generating edge candidates through MATLAB-style frontier workflow (iterations=8192, candidates=793)",8192,heartbeat,2026-05-07T17:41:06Z
831,"Generating edge candidates through MATLAB-style frontier workflow (iterations=8704, candidates=831)",8704,heartbeat,2026-05-07T17:41:06Z
860,"Generating edge candidates through MATLAB-style frontier workflow (iterations=9216, candidates=860)",9216,heartbeat,2026-05-07T17:41:06Z
890,"Generating edge candidates through MATLAB-style frontier workflow (iterations=9728, candidates=890)",9728,heartbeat,2026-05-07T17:41:06Z
920,"Generating edge candidates through MATLAB-style frontier workflow (iterations=10240, candidates=920)",10240,heartbeat,2026-05-07T17:41:06Z
943,"Generating edge candidates through MATLAB-style frontier workflow (iterations=10752, candidates=943)",10752,heartbeat,2026-05-07T17:41:07Z
963,"Generating edge candidates through MATLAB-style frontier workflow (iterations=11264, candidates=963)",11264,heartbeat,2026-05-07T17:41:07Z
986,"Generating edge candidates through MATLAB-style frontier workflow (iterations=11776, candidates=986)",11776,heartbeat,2026-05-07T17:41:07Z
1010,"Generating edge candidates through MATLAB-style frontier workflow (iterations=12288, candidates=1010)",12288,heartbeat,2026-05-07T17:41:07Z
1029,"Generating edge candidates through MATLAB-style frontier workflow (iterations=12800, candidates=1029)",12800,heartbeat,2026-05-07T17:41:07Z
1048,"Generating edge candidates through MATLAB-style frontier workflow (iterations=13312, candidates=1048)",13312,heartbeat,2026-05-07T17:41:07Z
1070,"Generating edge candidates through MATLAB-style frontier workflow (iterations=13824, candidates=1070)",13824,heartbeat,2026-05-07T17:41:08Z
1090,"Generating edge candidates through MATLAB-style frontier workflow (iterations=14336, candidates=1090)",14336,heartbeat,2026-05-07T17:41:08Z
1109,"Generating edge candidates through MATLAB-style frontier workflow (iterations=14848, candidates=1109)",14848,heartbeat,2026-05-07T17:41:08Z
1126,"Generating edge candidates through MATLAB-style frontier workflow (iterations=15360, candidates=1126)",15360,heartbeat,2026-05-07T17:41:08Z
1144,"Generating edge candidates through MATLAB-style frontier workflow (iterations=15872, candidates=1144)",15872,heartbeat,2026-05-07T17:41:08Z
1163,"Generating edge candidates through MATLAB-style frontier workflow (iterations=16384, candidates=1163)",16384,heartbeat,2026-05-07T17:41:09Z
1163,Completed edge candidate generation through MATLAB-style frontier workflow (candidates=1163),16384,completed,2026-05-07T17:41:35Z
